 N = 50 
0.000000 3219.064616 6173.104972 6488.496359 1036.278437 1898.904158 6037.588923 4992.543340 4263.891415 7349.534407 5524.447574 1548.191526 2637.417866 3024.225025 6267.798497 1685.790616 2783.230138 5206.618288 4323.221253 5140.074124 3240.061728 1072.155306 3501.146241 4324.890750 1911.343245 2887.236914 2959.333033 4937.854291 2629.044123 1025.987329 4766.992868 1349.005560 7437.276182 7432.463185 5272.446206 2518.426493 4123.465775 4622.001731 6468.040275 6302.915199 2315.060474 7434.094699 5623.177927 5581.803024 7319.866734 3807.735810 7272.616036 3528.259202 5076.948099 2422.821908  
3219.064616 0.000000 7772.221561 5596.295918 4252.684799 1395.021147 3836.163839 8010.406482 1542.288235 9740.438440 4002.132681 4265.424246 3919.451492 2300.864620 6248.321775 2236.173741 3775.858710 8040.382889 7491.442384 8143.276306 6430.637371 3991.984970 2755.048457 7267.075134 4281.608343 6101.258395 1473.929781 2872.032381 5731.349928 4244.703641 4806.311059 1887.787329 10017.382093 9984.670250 8141.892286 1637.714566 7109.569678 1404.065882 5701.296168 7048.771028 1051.616850 8648.588151 2984.870014 5084.675408 7629.451487 7025.014235 7665.970063 6658.666683 3120.196308 5641.838796  
6173.104972 7772.221561 0.000000 5146.786570 6029.517062 6676.624896 7276.656993 4536.998127 9303.404592 2895.376487 6035.913353 4700.042553 8777.338549 5576.990766 3505.260190 5716.404202 4007.840441 3697.033541 5418.118585 4494.261341 6627.882392 5197.762980 5319.466139 4065.834847 4265.695020 6207.776575 6379.980329 6754.285306 4891.151194 5976.471283 3674.471118 6845.092037 3611.849942 3505.792350 3866.598764 6135.026406 8088.574225 8707.159411 4916.702350 1961.294725 6822.477702 1472.493463 7864.169696 4373.678543 3071.138225 6039.128497 2886.765837 4989.213365 6621.559711 5935.461987  
6488.496359 5596.295918 5146.786570 0.000000 7135.288081 5438.897315 2773.882658 8482.725270 6930.174962 8021.392211 1744.287247 5959.617773 8739.661550 3689.686437 1697.986160 4921.384460 3936.494507 7926.109575 8783.323118 8525.565612 8959.934431 6209.098485 3134.074026 7729.489310 5488.683084 8483.305606 4293.558547 2985.435647 7306.075554 7087.521781 2046.550757 6082.257229 8682.291403 8587.645545 8097.536045 4470.629150 10258.980700 5687.902337 247.891105 3298.109307 5241.512186 5006.213439 3792.267000 1025.641263 2918.325890 8925.078879 3065.131808 7994.140979 2728.030975 8006.855625  
1036.278437 4252.684799 6029.517062 7135.288081 0.000000 2931.815137 6957.378889 4136.184232 5237.264649 6801.691922 6343.836221 1395.886815 2865.441676 3890.059383 6692.761836 2595.372998 3243.366923 4470.289141 3354.275630 4291.350021 2212.246144 971.781869 4312.640490 3542.067899 1909.823552 1850.959211 3936.918211 5867.047128 1778.958122 55.036352 5269.768306 2372.823845 6792.469360 6802.042634 4511.216466 3482.930519 3208.919600 5656.336712 7085.144035 6481.115722 3346.626062 7392.006832 6610.198862 6173.550356 7598.215185 2783.011498 7525.853108 2609.237820 5985.829349 1391.497395  
1898.904158 1395.021147 6676.624896 5438.897315 2931.815137 0.000000 4369.204619 6616.019952 2738.391681 8452.082879 4120.365275 2874.056367 3351.687336 1755.253258 5706.841245 963.145368 2691.344088 6661.630806 6107.743691 6749.542577 5138.949017 2598.865137 2312.070933 5875.851002 2920.383879 4780.277189 1264.892486 3276.648593 4340.732657 2917.132325 4174.765383 735.679958 8688.757103 8661.709993 6759.195366 970.563239 5953.285228 2768.109283 5485.190425 6225.082248 417.269697 7691.487827 3803.087298 4712.835240 6989.223848 5673.794938 6992.988274 5269.258961 3464.333846 4305.566746  
6037.588923 3836.163839 7276.656993 2773.882658 6957.378889 4369.204619 0.000000 9548.672840 4785.023511 9971.728436 1248.788613 6199.023230 7630.244360 3083.504662 4257.464269 4367.110028 4440.922652 9213.823202 9498.158243 9633.810980 9100.105494 6232.908551 2768.079659 8749.018231 5882.307115 8664.996769 3123.001761 1102.298054 7776.486675 6923.884026 3607.243407 5104.869048 10513.545025 10438.928154 9365.911862 3530.739299 10151.110777 3357.521109 2995.801228 5712.346278 4010.813509 7498.676417 1128.270358 3022.390610 5627.738533 9365.250023 5752.756557 8635.475957 976.103478 8161.975374  
4992.543340 8010.406482 4536.998127 8482.725270 4136.184232 6616.019952 9548.672840 0.000000 9231.552036 3436.379054 8530.825634 3749.645317 6789.187286 6694.589607 7244.127622 5861.751701 5110.986695 895.893409 1218.694794 163.049072 3085.716935 4037.605726 6832.872310 800.477982 3836.249471 2911.166433 7167.336814 8617.810511 2371.038591 4112.485501 6465.515447 6283.768057 3072.005859 3130.224912 767.923173 6727.929622 4294.022007 9351.630927 8319.686172 6130.573627 6975.934203 5951.934559 9623.109944 7475.725517 7392.148402 2131.735678 7233.990946 1561.971191 8623.760027 3024.738832  
4263.891415 1542.288235 9303.404592 6930.174962 5237.264649 2738.391681 4785.023511 9231.552036 0.000000 11189.277814 5244.272399 5548.669120 3988.291489 3835.971976 7725.379732 3676.098475 5298.943668 9352.261117 8581.468406 9373.836141 7279.313841 5199.931634 4265.759604 8525.881186 5648.218923 7021.446361 3005.283680 4019.126895 6885.601281 5243.060175 6319.005064 2947.822586 11423.798361 11398.210430 9439.670810 3175.281090 7698.212780 1467.711825 7061.205634 8582.624890 2501.604485 10190.765329 3734.809768 6521.043245 9125.262791 8002.603201 9169.986805 7791.855042 4283.401452 6609.905597  
7349.534407 9740.438440 2895.376487 8021.392211 6801.691922 8452.082879 9971.728436 3436.379054 11189.277814 0.000000 8759.710326 5816.325730 9658.852157 7800.787460 6398.848178 7518.386662 6073.061337 2622.423688 4643.643613 3302.733716 6415.554224 6277.393169 7685.598285 3520.020454 5585.804597 6142.211735 8515.700558 9312.616872 5141.770609 6759.971154 6385.672791 8390.017878 812.665368 688.436635 2693.360169 8172.207535 7713.183130 10881.439794 7796.346131 4848.256181 8705.626514 3713.149068 10421.239562 7194.961084 5863.630701 5526.318485 5670.257137 4704.005208 9219.949349 6095.772470  
5524.447574 4002.132681 6035.913353 1744.287247 6343.836221 4120.365275 1248.788613 8530.825634 5244.272399 8759.710326 0.000000 5402.170860 7471.680534 2506.758864 3050.189011 3846.971926 3488.631394 8133.482710 8587.025154 8604.731547 8389.624604 5520.413934 2032.630316 7737.084011 5021.056463 7933.373809 2874.348796 1247.592882 6926.939440 6303.658065 2377.337166 4828.739484 9322.485184 9244.155451 8291.705735 3170.126338 9550.474805 3956.250371 1924.569562 4468.712678 3842.016137 6256.497503 2095.521176 1787.235295 4452.075920 8546.298673 4564.734494 7739.315215 986.479093 7433.872275  
1548.191526 4265.424246 4700.042553 5959.617773 1395.886815 2874.056367 6199.023230 3749.645317 5548.669120 5816.325730 5402.170860 0.000000 4082.412032 3147.328073 5363.429593 2127.249163 2024.310500 3803.648906 3373.003558 3879.693931 3015.336963 500.099990 3438.550858 3001.900232 521.806478 2546.419054 3476.920045 5161.874272 1597.598197 1340.850849 4004.940199 2628.605143 5941.725339 5929.649231 3893.497400 3022.385316 4305.576036 5602.407429 5882.495559 5086.274570 3226.786947 6026.541711 6062.439525 4962.029424 6214.689855 3166.513698 6137.907217 2505.404159 5227.510784 2056.464199  
2637.417866 3919.451492 8777.338549 8739.661550 2865.441676 3351.687336 7630.244360 6789.187286 3988.291489 9658.852157 7471.680534 4082.412032 0.000000 5058.585771 8770.799108 3847.935680 5346.140758 7252.648413 5785.633673 6951.210902 4027.015396 3582.645391 5609.521192 6303.911246 4516.100309 3976.261812 4604.204274 6567.657878 4553.325817 2910.499098 7235.751378 2662.417135 9613.419163 9630.402068 7271.363696 4312.699503 3951.753661 5085.641454 8763.218244 8925.716162 3648.516685 10065.694661 6887.519220 7934.476668 9902.734673 4966.794238 9866.840882 5228.593119 6776.549638 3767.341901  
3024.225025 2300.864620 5576.990766 3689.686437 3890.059383 1755.253258 3083.504662 6694.589607 3835.971976 7800.787460 2506.758864 3147.328073 5058.585771 0.000000 4019.950870 1341.268430 1736.411530 6503.476378 6499.440668 6799.319745 6016.728098 3150.859248 557.065526 5898.899304 2891.587799 5582.064493 831.197329 2019.213708 4741.693579 3854.071224 2527.674821 2396.665392 8187.663525 8136.886505 6636.206145 802.987547 7096.125210 3134.162249 3730.664284 4748.052338 1614.514168 6367.233701 2937.499787 2965.408909 5363.004009 6303.114548 5388.608819 5630.574393 2107.522954 5079.098444  
6267.798497 6248.321775 3505.260190 1697.986160 6692.761836 5706.841245 4257.464269 7244.127622 7725.379732 6398.848178 3050.189011 5363.429593 8770.799108 4019.950870 0.000000 4957.780955 3490.650369 6590.641850 7723.894613 7263.560559 8221.400002 5722.312207 3506.222041 6543.426778 4847.589607 7742.256583 4797.497056 4136.012693 6458.671767 6639.888252 1542.843155 6221.859690 7092.566320 6992.005792 6766.569958 4812.477325 9615.570914 6678.736557 1453.794002 1605.067600 5628.566158 3315.914655 5130.103313 1290.620393 1433.968270 8014.582335 1524.404802 7009.119845 3917.818270 7306.249927  
1685.790616 2236.173741 5716.404202 4921.384460 2595.372998 963.145368 4367.110028 5861.751701 3676.098475 7518.386662 3846.971926 2127.249163 3847.935680 1341.268430 4957.780955 0.000000 1750.275407 5829.251067 5479.614950 5985.872033 4773.670496 1981.400767 1841.392136 5094.927870 2062.226224 4362.346731 1380.655641 3273.050718 3694.039117 2564.343971 3415.122985 1272.107700 7781.865393 7750.108451 5938.109548 917.981481 5784.221642 3503.994578 4929.688124 5338.187895 1189.464165 6755.100147 4040.007921 4087.589143 6173.694275 5162.807182 6162.559371 4617.956799 3399.904116 3864.033126  
2783.230138 3775.858710 4007.840441 3936.494507 3243.366923 2691.344088 4440.922652 5110.986695 5298.943668 6073.061337 3488.631394 2024.310500 5346.140758 1736.411530 3490.650369 1750.275407 0.000000 4830.710093 5098.748474 5200.296915 5034.219900 2289.976637 1739.708309 4310.682777 1572.057569 4560.928962 2450.246110 3517.275224 3457.649057 3192.639660 2027.285130 2978.434824 6451.253599 6400.656294 4972.891815 2146.994644 6323.229871 4817.979867 3865.233369 3624.212190 2815.057548 5005.070429 4559.232392 2946.478067 4556.696281 5085.280130 4522.058160 4251.185364 3513.414863 4077.341291  
5206.618288 8040.382889 3697.033541 7926.109575 4470.289141 6661.630806 9213.823202 895.893409 9352.261117 2622.423688 8133.482710 3803.648906 7252.648413 6503.476378 6590.641850 5829.251067 4830.710093 0.000000 2041.894219 814.763769 3797.951290 4176.130386 6570.397933 952.181705 3767.026015 3547.103748 7060.260760 8342.814453 2705.869361 4437.428535 5953.920137 6422.362961 2384.790347 2419.155431 176.920886 6643.207207 5095.749209 9331.509310 7747.671457 5379.983085 6990.729075 5086.339548 9389.127755 6941.394456 6627.059152 2905.897796 6461.598100 2112.583489 8322.267239 3556.408301  
4323.221253 7491.442384 5418.118585 8783.323118 3354.275630 6107.743691 9498.158243 1218.694794 8581.468406 4643.643613 8587.025154 3373.003558 5785.633673 6499.440668 7723.894613 5479.614950 5098.748474 2041.894219 0.000000 1368.176889 1907.952305 3522.100652 6732.656014 1355.283734 3619.877484 1816.736910 6845.615385 8496.411772 1785.604940 3343.801430 6736.929939 5665.900282 4288.882488 4348.555737 1951.846562 6387.789132 3075.864756 8875.790106 8647.463501 6801.553499 6498.272463 6877.179800 9428.961555 7758.714649 8070.888241 925.199438 7929.222030 869.186401 8539.729738 2056.218860  
5140.074124 8143.276306 4494.261341 8525.565612 4291.350021 6749.542577 9633.810980 163.049072 9373.836141 3302.733716 8604.731547 3879.693931 6951.210902 6799.319745 7263.560559 5985.872033 5200.296915 814.763769 1368.176889 0.000000 3244.552666 4177.035432 6927.358588 900.894000 3952.001645 3073.666377 7283.720066 8711.872416 2522.670212 4267.050035 6516.061771 6426.053999 2920.723369 2981.258962 667.650358 6846.708552 4440.578791 9479.763394 8359.056705 6122.084122 7106.477960 5896.308167 9723.884409 7522.580741 7379.782178 2285.894573 7219.103130 1723.352837 8713.708969 3187.280973  
3240.061728 6430.637371 6627.882392 8959.934431 2212.246144 5138.949017 9100.105494 3085.716935 7279.313841 6415.554224 8389.624604 3015.336963 4027.015396 6016.728098 8221.400002 4773.670496 5034.219900 3797.951290 1907.952305 3244.552666 0.000000 2875.635060 6385.642098 2908.614791 3471.275414 480.101031 6135.983377 8023.902106 1804.581115 2232.695680 6968.002655 4542.895112 6142.966466 6192.368610 3748.963723 5677.738282 1465.240595 7833.473048 8871.594276 7632.416393 5555.064806 8095.006115 8808.491925 7951.440436 8862.492257 994.973366 8751.474390 1739.037952 8124.230548 959.388347  
1072.155306 3991.984970 5197.762980 6209.098485 971.781869 2598.865137 6232.908551 4037.605726 5199.931634 6277.393169 5520.413934 500.099990 3582.645391 3150.859248 5722.312207 1981.400767 2289.976637 4176.130386 3522.100652 4177.035432 2875.635060 0.000000 3510.164099 3326.737892 967.037745 2432.539825 3361.445076 5166.897135 1744.161690 918.303327 4311.142076 2254.680687 6373.256624 6366.223370 4252.768745 2899.026216 4063.528639 5362.170176 6148.846559 5530.682508 2980.388230 6515.214885 6005.425297 5232.708285 6632.882480 3183.882693 6563.727980 2673.748305 5256.849722 1929.529735  
3501.146241 2755.048457 5319.466139 3134.074026 4312.640490 2312.070933 2768.079659 6832.872310 4265.759604 7685.598285 2032.630316 3438.550858 5609.521192 557.065526 3506.222041 1841.392136 1739.708309 6570.397933 6732.656014 6927.358588 6385.642098 3510.164099 0.000000 6032.631681 3114.703517 5937.636062 1291.865705 1784.962184 5009.164401 4273.072080 2053.715170 2949.200061 8120.948959 8062.511023 6712.438752 1353.970827 7520.637274 3419.167296 3173.598903 4336.164780 2156.731323 6008.216790 2820.965260 2416.385731 4875.005026 6604.424048 4911.074119 5868.629993 1807.572129 5435.544223  
4324.890750 7267.075134 4065.834847 7729.489310 3542.067899 5875.851002 8749.018231 800.477982 8525.881186 3520.020454 7737.084011 3001.900232 6303.911246 5898.899304 6543.426778 5094.927870 4310.682777 952.181705 1355.283734 900.894000 2908.614791 3326.737892 6032.631681 0.000000 3053.730342 2622.290030 6385.051605 7817.539830 1766.890206 3511.679086 5701.085598 5581.374741 3334.550195 3365.159283 971.006179 5949.768399 4269.853627 8593.623915 7573.065760 5515.137351 6225.772643 5522.428813 8825.027252 6716.358016 6784.287509 2090.137795 6635.218158 1184.010557 7823.318094 2606.908130  
1911.343245 4281.608343 4265.695020 5488.683084 1909.823552 2920.383879 5882.307115 3836.249471 5648.218923 5585.804597 5021.056463 521.806478 4516.100309 2891.587799 4847.589607 2062.226224 1572.057569 3767.026015 3619.877484 3952.001645 3471.275414 967.037745 3114.703517 3053.730342 0.000000 2995.178125 3331.725229 4877.160649 1906.710780 1854.885711 3510.148145 2804.477313 5777.802523 5755.262809 3876.707882 2896.627867 4798.196432 5565.234676 5402.698585 4571.889872 3230.138078 5557.847155 5828.772169 4482.096161 5693.787843 3526.290544 5618.183425 2754.308625 4920.715903 2519.252468  
2887.236914 6101.258395 6207.776575 8483.305606 1850.959211 4780.277189 8664.996769 2911.166433 7021.446361 6142.211735 7933.373809 2546.419054 3976.261812 5582.064493 7742.256583 4362.346731 4560.928962 3547.103748 1816.736910 3073.666377 480.101031 2432.539825 5937.636062 2622.290030 2995.178125 0.000000 5734.017178 7595.132389 1345.009294 1863.357454 6488.757662 4216.880956 5921.355419 5962.587526 3517.733930 5273.318974 1916.529415 7505.272080 8393.597798 7168.233325 5193.696564 7670.117665 8402.131456 7473.640746 8393.716698 1011.666447 8284.739284 1438.673000 7688.896475 503.035784  
2959.333033 1473.929781 6379.980329 4293.558547 3936.918211 1264.892486 3123.001761 7167.336814 3005.283680 8515.700558 2874.348796 3476.920045 4604.204274 831.197329 4797.497056 1380.655641 2450.246110 7060.260760 6845.615385 7283.720066 6135.983377 3361.445076 1291.865705 6385.051605 3331.725229 5734.017178 0.000000 2023.416171 5061.703765 3910.557249 3335.590652 1995.183200 8863.014893 8818.783193 7181.812097 462.709412 7081.767717 2367.927364 4367.780329 5577.648250 968.929822 7196.579187 2673.496961 3676.840084 6164.506225 6543.462692 6197.048652 5980.288037 2202.043142 5238.059373  
4937.854291 2872.032381 6754.285306 2985.435647 5867.047128 3276.648593 1102.298054 8617.810511 4019.126895 9312.616872 1247.592882 5161.874272 6567.657878 2019.213708 4136.012693 3273.050718 3517.275224 8342.814453 8496.411772 8711.872416 8023.902106 5166.897135 1784.962184 7817.539830 4877.160649 7595.132389 2023.416171 0.000000 6751.802278 5834.699392 3121.123516 4011.702008 9799.625809 9733.646901 8487.612149 2428.512508 9054.772719 2708.775554 3152.848870 5403.597043 2929.378091 7180.168034 1112.854438 2845.607492 5566.267331 8321.700848 5659.778529 7629.300361 264.849014 7092.528816  
2629.044123 5731.349928 4891.151194 7306.075554 1778.958122 4340.732657 7776.486675 2371.038591 6885.601281 5141.770609 6926.939440 1597.598197 4553.325817 4741.693579 6458.671767 3694.039117 3457.649057 2705.869361 1785.604940 2522.670212 1804.581115 1744.161690 5009.164401 1766.890206 1906.710780 1345.009294 5061.703765 6751.802278 0.000000 1751.038835 5278.083933 3943.557404 5060.349790 5078.907363 2737.723507 4603.108189 3260.944802 7105.994723 7197.967074 5827.840509 4724.532781 6345.220958 7660.023303 6284.551854 7059.765577 1628.710226 6947.451979 929.650472 6809.155381 1049.749018  
1025.987329 4244.703641 5976.471283 7087.521781 55.036352 2917.132325 6923.884026 4112.485501 5243.060175 6759.971154 6303.658065 1340.850849 2910.499098 3854.071224 6639.888252 2564.343971 3192.639660 4437.428535 3343.801430 4267.050035 2232.695680 918.303327 4273.072080 3511.679086 1854.885711 1863.357454 3910.557249 5834.699392 1751.038835 0.000000 5218.709515 2368.098393 6755.344625 6764.175707 4480.076004 3455.444689 3247.669934 5647.890403 7036.469640 6426.119358 3331.117680 7337.915372 6584.040401 6124.387724 7543.604775 2785.712476 7471.093762 2590.829404 5951.721096 1397.250157  
4766.992868 4806.311059 3674.471118 2046.550757 5269.768306 4174.765383 3607.243407 6465.515447 6319.005064 6385.672791 2377.337166 4004.940199 7235.751378 2527.674821 1542.843155 3415.122985 2027.285130 5953.920137 6736.929939 6516.061771 6968.002655 4311.142076 2053.715170 5701.085598 3510.148145 6488.757662 3335.590652 3121.123516 5278.083933 5218.709515 0.000000 4679.185506 6964.362570 6882.580475 6121.439373 3303.347545 8307.527731 5398.382072 1921.691963 2331.772931 4117.457954 4078.014836 4217.822305 1021.916826 2835.846258 6889.856385 2862.021139 5949.052025 2965.754710 6024.238458  
1349.005560 1887.787329 6845.092037 6082.257229 2372.823845 735.679958 5104.869048 6283.768057 2947.822586 8390.017878 4828.739484 2628.605143 2662.417135 2396.665392 6221.859690 1272.107700 2978.434824 6422.362961 5665.900282 6426.053999 4542.895112 2254.680687 2949.200061 5581.374741 2804.477313 4216.880956 1995.183200 4011.702008 3943.557404 2368.098393 4679.185506 0.000000 8559.342557 8542.675518 6503.881072 1659.088907 5271.830232 3291.196135 6112.833467 6593.990294 1119.130466 7958.172906 4522.082927 5304.483481 7445.731999 5153.658506 7433.683878 4857.582218 4196.911483 3764.253180  
7437.276182 10017.382093 3611.849942 8682.291403 6792.469360 8688.757103 10513.545025 3072.005859 11423.798361 812.665368 9322.485184 5941.725339 9613.419163 8187.663525 7092.566320 7781.865393 6451.253599 2384.790347 4288.882488 2920.723369 6142.966466 6373.256624 8120.948959 3334.550195 5777.802523 5921.355419 8863.014893 9799.625809 5060.349790 6755.344625 6964.362570 8559.342557 0.000000 125.219807 2403.622683 8493.860901 7358.824974 11214.377780 8463.521371 5573.143547 8970.707553 4515.217049 10899.642792 7819.362890 6629.751881 5203.240240 6437.863388 4493.636612 9723.963647 5940.909442  
7432.463185 9984.670250 3505.792350 8587.645545 6802.042634 8661.709993 10438.928154 3130.224912 11398.210430 688.436635 9244.155451 5929.649231 9630.402068 8136.886505 6992.005792 7750.108451 6400.656294 2419.155431 4348.555737 2981.258962 6192.368610 6366.223370 8062.511023 3365.159283 5755.262809 5962.587526 8818.783193 9733.646901 5078.907363 6764.175707 6882.580475 8542.675518 125.219807 0.000000 2446.642189 8453.461835 7421.612830 11173.290160 8367.773061 5466.834642 8939.383983 4394.400187 10835.354217 7730.525726 6516.398545 5259.365456 6324.205326 4531.177551 9655.235108 5972.009796  
5272.446206 8141.892286 3866.598764 8097.536045 4511.216466 6759.195366 9365.911862 767.923173 9439.670810 2693.360169 8291.705735 3893.497400 7271.363696 6636.206145 6766.569958 5938.109548 4972.891815 176.920886 1951.846562 667.650358 3748.963723 4252.768745 6712.438752 971.006179 3876.707882 3517.733930 7181.812097 8487.612149 2737.723507 4480.076004 6121.439373 6503.881072 2403.622683 2446.642189 0.000000 6761.053542 5020.067031 9441.817463 7920.010101 5556.486750 7093.659140 5249.160028 9529.402552 7111.043946 6802.939659 2835.758276 6637.156093 2093.198509 8470.188014 3552.017033  
2518.426493 1637.714566 6135.026406 4470.629150 3482.930519 970.563239 3530.739299 6727.929622 3175.281090 8172.207535 3170.126338 3022.385316 4312.699503 802.987547 4812.477325 917.981481 2146.994644 6643.207207 6387.789132 6846.708552 5677.738282 2899.026216 1353.970827 5949.768399 2896.627867 5273.318974 462.709412 2428.512508 4603.108189 3455.444689 3303.347545 1659.088907 8493.860901 8453.461835 6761.053542 0.000000 6641.671025 2720.812379 4521.358756 5464.351746 816.091294 7025.892968 3130.761249 3767.916268 6137.712685 6080.776595 6155.731638 5523.450461 2585.659297 4776.742195  
4123.465775 7109.569678 8088.574225 10258.980700 3208.919600 5953.285228 10151.110777 4294.022007 7698.212780 7713.183130 9550.474805 4305.576036 3951.753661 7096.125210 9615.570914 5784.221642 6323.229871 5095.749209 3075.864756 4440.578791 1465.240595 4063.528639 7520.637274 4269.853627 4798.196432 1916.529415 7081.767717 9054.772719 3260.944802 3247.669934 8307.527731 5271.830232 7358.824974 7421.612830 5020.067031 6641.671025 0.000000 8480.370393 10186.898694 9083.786105 6366.555191 9557.213506 9736.958252 9266.783962 10305.396499 2191.489448 10198.525874 3146.607856 9183.662450 2312.111589  
4622.001731 1404.065882 8707.159411 5687.902337 5656.336712 2768.109283 3357.521109 9351.630927 1467.711825 10881.439794 3956.250371 5602.407429 5085.641454 3134.162249 6678.736557 3503.994578 4817.979867 9331.509310 8875.790106 9479.763394 7833.473048 5362.170176 3419.167296 8593.623915 5565.234676 7505.272080 2367.927364 2708.775554 7105.994723 5647.890403 5398.382072 3291.196135 11214.377780 11173.290160 9441.817463 2720.812379 8480.370393 0.000000 5844.386452 7723.958053 2382.757436 9423.874787 2278.721133 5417.754240 8107.449229 8425.998813 8175.365191 8035.234969 2971.502314 7044.792261  
6468.040275 5701.296168 4916.702350 247.891105 7085.144035 5485.190425 2995.801228 8319.686172 7061.205634 7796.346131 1924.569562 5882.495559 8763.218244 3730.664284 1453.794002 4929.688124 3865.233369 7747.671457 8647.463501 8359.056705 8871.594276 6148.846559 3173.598903 7573.065760 5402.698585 8393.597798 4367.780329 3152.848870 7197.967074 7036.469640 1921.691963 6112.833467 8463.521371 8367.773061 7920.010101 4521.358756 10186.898694 5844.386452 0.000000 3056.276329 5304.564073 4759.209283 3995.063078 920.722542 2674.807657 8811.443298 2819.757614 7867.749361 2899.767749 7921.904885  
6302.915199 7048.771028 1961.294725 3298.109307 6481.115722 6225.082248 5712.346278 6130.573627 8582.624890 4848.256181 4468.712678 5086.274570 8925.716162 4748.052338 1605.067600 5338.187895 3624.212190 5379.983085 6801.553499 6122.084122 7632.416393 5530.682508 4336.164780 5515.137351 4571.889872 7168.233325 5577.648250 5403.597043 5827.840509 6426.119358 2331.772931 6593.990294 5573.143547 5466.834642 5556.486750 5464.351746 9083.786105 7723.958053 3056.276329 0.000000 6251.865722 1788.554724 6470.943826 2693.470809 1269.882278 7247.863685 1131.011936 6196.557512 5221.139531 6793.717833  
2315.060474 1051.616850 6822.477702 5241.512186 3346.626062 417.269697 4010.813509 6975.934203 2501.604485 8705.626514 3842.016137 3226.786947 3648.516685 1614.514168 5628.566158 1189.464165 2815.057548 6990.729075 6498.272463 7106.477960 5555.064806 2980.388230 2156.731323 6225.772643 3230.138078 5193.696564 968.929822 2929.378091 4724.532781 3331.117680 4117.457954 1119.130466 8970.707553 8939.383983 7093.659140 816.091294 6366.555191 2382.757436 5304.564073 6251.865722 0.000000 7776.602922 3403.094033 4573.048218 6950.334956 6080.563543 6965.752867 5654.056951 3130.618629 4716.793084  
7434.094699 8648.588151 1472.493463 5006.213439 7392.006832 7691.487827 7498.676417 5951.934559 10190.765329 3713.149068 6256.497503 6026.541711 10065.694661 6367.233701 3315.914655 6755.100147 5005.070429 5086.339548 6877.179800 5896.308167 8095.006115 6515.214885 6008.216790 5522.428813 5557.847155 7670.117665 7196.579187 7180.168034 6345.220958 7337.915372 4078.014836 7958.172906 4515.217049 4394.400187 5249.160028 7025.892968 9557.213506 9423.874787 4759.209283 1788.554724 7776.602922 0.000000 8254.979709 4477.246587 2315.200423 7510.999401 2121.909517 6461.680045 7003.370760 7384.316488  
5623.177927 2984.870014 7864.169696 3792.267000 6610.198862 3803.087298 1128.270358 9623.109944 3734.809768 10421.239562 2095.521176 6062.439525 6887.519220 2937.499787 5130.103313 4040.007921 4559.232392 9389.127755 9428.961555 9723.884409 8808.491925 6005.425297 2820.965260 8825.027252 5828.772169 8402.131456 2673.496961 1112.854438 7660.023303 6584.040401 4217.822305 4522.082927 10899.642792 10835.354217 9529.402552 3130.761249 9736.958252 2278.721133 3995.063078 6470.943826 3403.094033 8254.979709 0.000000 3847.008318 6543.407446 9187.606544 6651.223196 8559.777859 1253.763933 7904.036437  
5581.803024 5084.675408 4373.678543 1025.641263 6173.550356 4712.835240 3022.390610 7475.725517 6521.043245 7194.961084 1787.235295 4962.029424 7934.476668 2965.408909 1290.620393 4087.589143 2946.478067 6941.394456 7758.714649 7522.580741 7951.440436 5232.708285 2416.385731 6716.358016 4482.096161 7473.640746 3676.840084 2845.607492 6284.551854 6124.387724 1021.916826 5304.483481 7819.362890 7730.525726 7111.043946 3767.916268 9266.783962 5417.754240 920.722542 2693.470809 4573.048218 4477.246587 3847.008318 0.000000 2721.282418 7901.601673 2814.902663 6968.500700 2627.669880 7001.333659  
7319.866734 7629.451487 3071.138225 2918.325890 7598.215185 6989.223848 5627.738533 7392.148402 9125.262791 5863.630701 4452.075920 6214.689855 9902.734673 5363.004009 1433.968270 6173.694275 4556.696281 6627.059152 8070.888241 7379.782178 8862.492257 6632.882480 4875.005026 6784.287509 5693.787843 8393.716698 6164.506225 5566.267331 7059.765577 7543.604775 2835.846258 7445.731999 6629.751881 6516.398545 6802.939659 6137.712685 10305.396499 8107.449229 2674.807657 1269.882278 6950.334956 2315.200423 6543.407446 2721.282418 0.000000 8506.007583 195.634864 7457.791898 5344.128086 8003.675468  
3807.735810 7025.014235 6039.128497 8925.078879 2783.011498 5673.794938 9365.250023 2131.735678 8002.603201 5526.318485 8546.298673 3166.513698 4966.794238 6303.114548 8014.582335 5162.807182 5085.280130 2905.897796 925.199438 2285.894573 994.973366 3183.882693 6604.424048 2090.137795 3526.290544 1011.666447 6543.462692 8321.700848 1628.710226 2785.712476 6889.856385 5153.658506 5203.240240 5259.365456 2835.758276 6080.776595 2191.489448 8425.998813 8811.443298 7247.863685 6080.563543 7510.999401 9187.606544 7901.601673 8506.007583 0.000000 8378.360938 1059.253039 8392.940486 1394.435370  
7272.616036 7665.970063 2886.765837 3065.131808 7525.853108 6992.988274 5752.756557 7233.990946 9169.986805 5670.257137 4564.734494 6137.907217 9866.840882 5388.608819 1524.404802 6162.559371 4522.058160 6461.598100 7929.222030 7219.103130 8751.474390 6563.727980 4911.074119 6635.218158 5618.183425 8284.739284 6197.048652 5659.778529 6947.451979 7471.093762 2862.021139 7433.683878 6437.863388 6324.205326 6637.156093 6155.731638 10198.525874 8175.365191 2819.757614 1131.011936 6965.752867 2121.909517 6651.223196 2814.902663 195.634864 8378.360938 0.000000 7327.487223 5442.216644 7901.198010  
3528.259202 6658.666683 4989.213365 7994.140979 2609.237820 5269.258961 8635.475957 1561.971191 7791.855042 4704.005208 7739.315215 2505.404159 5228.593119 5630.574393 7009.119845 4617.956799 4251.185364 2112.583489 869.186401 1723.352837 1739.037952 2673.748305 5868.629993 1184.010557 2754.308625 1438.673000 5980.288037 7629.300361 929.650472 2590.829404 5949.052025 4857.582218 4493.636612 4531.177551 2093.198509 5523.450461 3146.607856 8035.234969 7867.749361 6196.557512 5654.056951 6461.680045 8559.777859 6968.500700 7457.791898 1059.253039 7327.487223 0.000000 7675.012508 1470.528136  
5076.948099 3120.196308 6621.559711 2728.030975 5985.829349 3464.333846 976.103478 8623.760027 4283.401452 9219.949349 986.479093 5227.510784 6776.549638 2107.522954 3917.818270 3399.904116 3513.414863 8322.267239 8539.729738 8713.708969 8124.230548 5256.849722 1807.572129 7823.318094 4920.715903 7688.896475 2202.043142 264.849014 6809.155381 5951.721096 2965.754710 4196.911483 9723.963647 9655.235108 8470.188014 2585.659297 9183.662450 2971.502314 2899.767749 5221.139531 3130.618629 7003.370760 1253.763933 2627.669880 5344.128086 8392.940486 5442.216644 7675.012508 0.000000 7185.876425  
2422.821908 5641.838796 5935.461987 8006.855625 1391.497395 4305.566746 8161.975374 3024.738832 6609.905597 6095.772470 7433.872275 2056.464199 3767.341901 5079.098444 7306.249927 3864.033126 4077.341291 3556.408301 2056.218860 3187.280973 959.388347 1929.529735 5435.544223 2606.908130 2519.252468 503.035784 5238.059373 7092.528816 1049.749018 1397.250157 6024.238458 3764.253180 5940.909442 5972.009796 3552.017033 4776.742195 2312.111589 7044.792261 7921.904885 6793.717833 4716.793084 7384.316488 7904.036437 7001.333659 8003.675468 1394.435370 7901.198010 1470.528136 7185.876425 0.000000  
